41,1
41,0
40,5
40,4
40,3
40,2
40,1
40,0
39,5
39,4
39,3
39,2
39,1
39,0
38,3
38,2
38,1
38,0
37,15
37,14
37,13
37,12
37,11
37,10
37,9
37,8
37,7
37,6
37,5
37,4
37,3
37,2
37,1
37,0
36,4
36,3
36,2
36,1
36,0
35,4
35,3
35,2
35,1
35,0
34,8
34,7
34,6
34,5
34,4
34,3
34,2
34,1
34,0
33,3
33,2
33,1
33,0
32,3
32,2
32,1
32,0
31,6
31,5
31,4
31,3
31,2
31,1
31,0
30,3
30,2
30,1
30,0
29,4
29,3
29,2
29,1
29,0
28,3
28,2
28,1
28,0
27,6
27,5
27,4
27,3
27,2
27,1
27,0
26,7
26,6
26,5
26,4
26,3
26,2
26,1
26,0
25,5
25,4
25,3
25,2
25,1
25,0
24,3
24,2
24,1
24,0
23,3
23,2
23,1
23,0
22,3
22,2
22,1
22,0
21,3
21,2
21,1
21,0
20,3
20,2
20,1
20,0
19,8
19,7
19,6
19,5
19,4
19,3
19,2
19,1
19,0
18,3
18,2
18,1
18,0
17,3
17,2
17,1
17,0
16,4
16,3
16,2
16,1
16,0
15,4
15,3
15,2
15,1
15,0
14,3
14,2
14,1
14,0
13,3
13,2
13,1
13,0
12,3
12,2
12,1
12,0
11,3
11,2
11,1
11,0
10,9
10,8
10,7
10,6
10,5
10,4
10,3
10,2
10,1
10,0
8,9
8,8
8,7
8,6
8,5
8,4
8,3
8,2
8,1
8,0
7,6
7,5
7,4
7,3
7,2
7,1
7,0
5,7
5,6
5,5
5,4
5,3
5,2
5,1
5,0
4,2
4,1
4,0
3,6
3,5
3,4
3,3
3,2
3,1
3,0
2,13
2,12
2,10
2,9
2,8
2,7
2,5
2,4
2,6
2,2
2,11
2,1
2,0
2,3
1,2
1,1
1,3
1,0
4,3
0,471
0,404
0,308
0,243
0,9
0,1
41,2
41,3
42,1
42,2
43,0
43,1
43,3
43,5
43,6
43,8
44,0
44,2
44,4
44,5
44,7
45,0
45,2
45,3
45,5
46,1
46,2
47,0
47,1
47,3
48,1
48,2
48,4
48,5
49,1
49,2
50,0
50,2
50,3
51,1
51,2
53,0
53,2
53,3
54,1
54,2
55,0
55,1
55,3
56,0
56,1
56,3
56,4
57,0
57,2
57,3
58,0
58,1
58,3
59,0
59,1
59,3
59,4
60,1
60,2
60,4
61,0
61,1
61,3
61,4
62,1
62,3
62,4
63,1
63,2
63,4
64,0
64,2
64,4
64,5
65,1
65,2
65,4
65,6
66,0
66,2
66,3
66,5
66,6
67,0
67,2
67,3
68,1
68,2
68,4
68,6
69,0
69,2
69,3
70,1
70,3
70,4
70,6
70,7
70,9
70,10
71,1
71,3
72,0
72,2
72,3
72,5
73,0
73,1
73,3
73,4
73,6
74,0
74,2
74,4
74,5
74,7
74,8
75,1
75,3
75,4
76,1
76,2
76,4
76,5
76,7
76,9
76,10
76,12
76,13
77,1
77,3
78,0
78,2
78,3
79,1
79,2
80,0
80,2
80,3
81,1
81,2
82,0
82,2
82,3
83,1
83,2
84,0
84,2
84,3
85,1
85,2
86,0
86,1
86,3
87,1
87,2
88,0
88,1
88,3
88,5
89,0
89,2
89,3
90,1
90,2
91,0
91,2
91,3
92,1
92,2
93,0
93,2
93,3
94,1
94,2
95,0
95,1
95,3
96,1
96,2
97,0
97,1
97,3
98,1
98,2
99,0
99,1
99,3
100,1
100,2
100,4
100,5
100,7
100,8
100,10
100,12
100,13
101,0
101,1
101,3
102,1
102,2
103,0
103,1
103,3
104,0
104,2
105,0
105,1
105,3
106,0
106,2
107,0
107,1
107,3
108,0
108,2
108,3
109,1
109,3
110,0
110,2
110,3
111,1
111,3
111,2
111,0
110,1
109,2
109,0
108,1
107,2
106,3
106,1
105,2
104,3
104,1
103,2
102,3
102,0
101,2
100,14
100,11
100,9
100,6
100,3
100,0
99,2
98,3
98,0
97,2
96,3
96,0
95,2
94,3
94,0
93,1
92,3
92,0
91,1
90,3
90,0
89,1
88,4
88,2
87,3
87,0
86,2
85,3
85,0
84,1
83,3
83,0
82,1
81,3
81,0
80,1
79,3
79,0
78,1
77,2
77,0
76,11
76,8
76,6
76,3
76,0
75,2
75,0
74,6
74,3
74,1
73,5
73,2
72,6
72,4
72,1
71,2
71,0
70,8
70,5
70,2
70,0
69,1
68,5
68,3
68,0
67,1
66,7
66,4
66,1
65,5
65,3
65,0
64,3
64,1
63,3
63,0
62,2
62,0
61,2
60,5
60,3
60,0
59,2
58,4
58,2
57,4
57,1
56,5
56,2
55,4
55,2
54,3
54,0
53,1
51,3
51,0
50,1
49,3
49,0
48,3
48,0
47,2
46,3
46,0
45,4
45,1
44,6
44,3
44,1
43,7
43,4
43,2
42,3
42,0
0,462
0,300
0,299
0,298
0,297
0,296
0,295
0,294
0,293
0,292
0,291
0,290
0,289
0,288
0,287
0,286
0,285
0,284
0,283
0,282
0,281
0,280
0,279
0,278
0,277
0,276
0,275
0,274
0,273
0,272
0,271
0,270
0,269
0,268
0,267
0,266
0,265
0,264
0,263
0,262
0,261
0,260
0,259
0,258
0,257
0,256
0,255
0,254
0,253
0,252
0,251
0,250
0,249
0,248
0,247
0,246
0,245
0,244
0,242
0,241
0,240
0,239
0,238
0,237
0,236
0,235
0,234
0,233
0,232
0,231
0,230
0,229
0,228
0,227
0,226
0,225
0,224
0,223
0,222
0,221
0,220
0,219
0,218
0,217
0,216
0,215
0,214
0,213
0,212
0,211
0,210
0,209
0,208
0,207
0,206
0,205
0,204
0,203
0,202
0,201
0,200
0,199
0,198
0,197
0,196
0,195
0,194
0,193
0,192
0,63
0,62
0,61
0,60
0,59
0,58
0,57
0,56
0,55
0,54
0,53
0,52
0,51
0,50
0,49
0,48
0,47
0,46
0,45
0,6
0,0
0,5
0,304
0,303
0,306
0,305
0,302
0,12
0,307
0,10
0,8
0,461
0,11
0,4
0,2
0,3
0,7
